v 0.987689 -1.000000 -0.156434
v 0.951057 -1.000000 -0.309017
v 0.891007 -1.000000 -0.453991
v 0.809018 -1.000000 -0.587785
v 0.707107 -1.000000 -0.707107
v 0.587786 -1.000000 -0.809017
v 0.453991 -1.000000 -0.891007
v 0.309017 -1.000000 -0.951057
v 0.156435 -1.000000 -0.987689
v 0.000000 -1.000000 -1.000001
v -0.156434 -1.000000 -0.987689
v -0.309017 -1.000000 -0.951057
v -0.453991 -1.000000 -0.891007
v -0.587785 -1.000000 -0.809018
v -0.707107 -1.000000 -0.707107
v -0.809017 -1.000000 -0.587786
v -0.891007 -1.000000 -0.453991
v -0.951057 -1.000000 -0.309017
v -0.987689 -1.000000 -0.156435
v -1.000000 -1.000000 -0.000000
v -0.987689 -1.000000 0.156434
v -0.951057 -1.000000 0.309017
v -0.891007 -1.000000 0.453991
v -0.809017 -1.000000 0.587785
v -0.707107 -1.000000 0.707107
v -0.587785 -1.000000 0.809017
v -0.453991 -1.000000 0.891007
v -0.309017 -1.000000 0.951057
v -0.156435 -1.000000 0.987688
v -0.000000 -1.000000 1.000000
v 0.156434 -1.000000 0.987688
v 0.309017 -1.000000 0.951057
v 0.453990 -1.000000 0.891007
v 0.587785 -1.000000 0.809017
v 0.707107 -1.000000 0.707107
v 0.809017 -1.000000 0.587785
v 0.891007 -1.000000 0.453991
v 0.951057 -1.000000 0.309017
v 0.987688 -1.000000 0.156434
v 1.000000 -1.000000 0.000000
v 0.000000 1.000000 0.000000

f 1 40 2
f 40 39 2
f 39 38 2
f 38 37 2
f 37 36 2
f 36 35 2
f 35 34 2
f 34 33 2
f 33 32 2
f 32 31 2
f 31 30 2
f 30 29 2
f 29 28 2
f 28 27 2
f 27 26 2
f 26 25 2
f 25 24 2
f 24 23 2
f 23 22 2
f 22 21 2
f 21 20 2
f 20 19 2
f 19 18 2
f 18 17 2
f 17 16 2
f 16 15 2
f 15 14 2
f 14 13 2
f 13 12 2
f 12 11 2
f 11 10 2
f 10 9 2
f 9 8 2
f 8 7 2
f 7 6 2
f 6 5 2
f 5 4 2
f 4 3 2
f 1 2 41
f 2 3 41
f 3 4 41
f 4 5 41
f 5 6 41
f 6 7 41
f 7 8 41
f 8 9 41
f 9 10 41
f 10 11 41
f 11 12 41
f 12 13 41
f 13 14 41
f 14 15 41
f 15 16 41
f 16 17 41
f 17 18 41
f 18 19 41
f 19 20 41
f 20 21 41
f 21 22 41
f 22 23 41
f 23 24 41
f 24 25 41
f 25 26 41
f 26 27 41
f 27 28 41
f 28 29 41
f 29 30 41
f 30 31 41
f 31 32 41
f 32 33 41
f 33 34 41
f 34 35 41
f 35 36 41
f 36 37 41
f 37 38 41
f 38 39 41
f 39 40 41
f 40 1 41