v 0.126185 -0.083557 0.139808
v 0.130377 0.274239 0.047495
v 0.247127 -0.064402 0.139808
v 0.251318 0.293395 0.047495
v 0.126185 -0.083557 -0.004461
v 0.130377 0.274239 -0.004461
v 0.247127 -0.064402 -0.004461
v 0.251318 0.293395 -0.004461
v 0.071217 -0.106651 2.333459
v 0.079607 -0.103981 2.595150
v -0.071217 -0.106651 2.333459
v -0.079607 -0.103981 2.595150
v 0.071217 0.065656 2.263828
v 0.079607 0.075647 2.591985
v -0.071217 0.065656 2.263828
v -0.079607 0.075647 2.591985
v 0.132149 -0.141233 2.456835
v -0.132149 -0.141233 2.456835
v -0.132149 0.138219 2.425185
v 0.132149 0.138219 2.425185
v -0.054334 0.038739 2.320675
v -0.054334 -0.033660 2.155055
v 0.054334 0.038739 2.320675
v 0.054334 -0.033660 2.155055
v -0.054334 -0.088600 2.376340
v -0.054334 -0.160999 2.210720
v 0.054334 -0.088600 2.376340
v 0.054334 -0.160999 2.210720
v 0.182591 0.041878 2.206710
v 0.166532 0.130587 1.723202
v -0.182591 0.041878 2.206710
v -0.166533 0.130587 1.723202
v 0.182591 -0.181816 2.234240
v 0.166532 -0.126308 1.723202
v -0.182591 -0.181816 2.234240
v -0.166533 -0.126308 1.723202
v 0.215623 0.140187 1.991511
v -0.215623 0.140187 1.991511
v -0.215623 -0.192086 1.991511
v 0.215623 -0.192086 1.991511
v -0.395496 -0.013665 1.730485
v -0.308619 -0.022475 2.176215
v -0.310478 -0.010772 1.698509
v -0.176919 -0.017993 2.126682
v -0.395496 -0.092285 1.722470
v -0.308619 -0.144265 2.163800
v -0.310478 -0.089392 1.690494
v -0.176919 -0.139783 2.114266
v -0.465975 0.083337 1.228176
v -0.422663 0.007116 1.687747
v -0.400505 0.089869 1.216042
v -0.313162 0.018041 1.667452
v -0.463041 0.021140 1.208288
v -0.417757 -0.096912 1.654483
v -0.397572 0.027672 1.196153
v -0.308255 -0.085987 1.634187
v -0.408360 0.070478 1.021834
v -0.408360 0.016887 1.239636
v -0.447862 0.070478 1.021834
v -0.447862 0.016887 1.239636
v -0.408360 0.128845 1.038015
v -0.408360 0.075254 1.255817
v -0.447862 0.128845 1.038015
v -0.447862 0.075254 1.255817
v -0.430443 0.046268 1.120225
v -0.447862 0.046268 1.120225
v -0.469945 0.104636 1.136405
v -0.430443 0.104636 1.136405
v -0.427186 0.158977 1.124006
v -0.427186 0.059719 1.201672
v -0.449312 0.158977 1.124006
v -0.449312 0.059719 1.201672
v -0.427186 0.174717 1.146670
v -0.427186 0.075459 1.224336
v -0.449312 0.174717 1.146670
v -0.449312 0.075459 1.224336
v 0.141455 0.113225 1.508263
v 0.142927 0.086574 1.758676
v -0.147358 0.125509 1.511779
v -0.145886 0.098858 1.762192
v 0.132114 -0.098858 1.481922
v 0.133585 -0.125509 1.732335
v -0.156699 -0.086574 1.485437
v -0.155228 -0.113225 1.735850
v 0.231713 0.163347 1.264811
v 0.167375 0.150396 1.512170
v -0.250700 0.143102 1.261597
v -0.188799 0.135449 1.509797
v 0.244067 -0.136750 1.300711
v 0.177945 -0.106342 1.542883
v -0.238345 -0.156995 1.297497
v -0.178230 -0.121289 1.540510
v -0.010377 0.145711 1.200700
v 0.001977 -0.154386 1.236600
v -0.132544 -0.058969 0.755729
v -0.033343 -0.105382 1.279063
v -0.289986 -0.057048 0.784628
v -0.231116 -0.101128 1.313064
v -0.132544 0.111447 0.736057
v -0.033343 0.110530 1.252052
v -0.289986 0.114833 0.763125
v -0.231116 0.114784 1.286052
v -0.160048 -0.064879 0.076741
v -0.132104 -0.062801 0.685268
v -0.253959 -0.065498 0.093000
v -0.278095 -0.063762 0.710544
v -0.160048 0.038369 0.080668
v -0.132104 0.097707 0.691374
v -0.253959 0.037751 0.096927
v -0.278095 0.096745 0.716650
v -0.147414 -0.083557 0.139808
v -0.151605 0.274239 0.047495
v -0.268355 -0.064402 0.139808
v -0.272546 0.293395 0.047495
v -0.147414 -0.083557 -0.004461
v -0.151605 0.274239 -0.004461
v -0.268355 -0.064402 -0.004461
v -0.272546 0.293395 -0.004461
v 0.409327 -0.013665 1.730485
v 0.322450 -0.022475 2.176215
v 0.324308 -0.010772 1.698509
v 0.190749 -0.017993 2.126682
v 0.409327 -0.092285 1.722470
v 0.322450 -0.144265 2.163800
v 0.324308 -0.089392 1.690494
v 0.190749 -0.139783 2.114266
v 0.479805 0.083337 1.228176
v 0.436494 0.007116 1.687747
v 0.414336 0.089869 1.216042
v 0.326993 0.018041 1.667452
v 0.476872 0.021140 1.208288
v 0.431587 -0.096912 1.654483
v 0.411402 0.027672 1.196153
v 0.322086 -0.085987 1.634187
v 0.424936 0.070478 1.021834
v 0.424936 0.016887 1.239636
v 0.464439 0.070478 1.021834
v 0.464439 0.016887 1.239636
v 0.424936 0.128845 1.038015
v 0.424936 0.075254 1.255817
v 0.464439 0.128845 1.038015
v 0.464439 0.075254 1.255817
v 0.447020 0.046268 1.120225
v 0.464439 0.046268 1.120225
v 0.486522 0.104636 1.136405
v 0.447020 0.104636 1.136405
v 0.437562 0.158977 1.124006
v 0.437562 0.059719 1.201672
v 0.459689 0.158977 1.124006
v 0.459689 0.059719 1.201672
v 0.437562 0.174717 1.146670
v 0.437562 0.075459 1.224336
v 0.459689 0.174717 1.146670
v 0.459689 0.075459 1.224336
v 0.115610 -0.060435 0.757561
v 0.016410 -0.105382 1.279063
v 0.273052 -0.055583 0.782796
v 0.214183 -0.101128 1.313064
v 0.115610 0.111447 0.736057
v 0.016410 0.110530 1.252052
v 0.273052 0.114833 0.763125
v 0.214183 0.114784 1.286052
v 0.138820 -0.064879 0.076741
v 0.110876 -0.062801 0.685268
v 0.232731 -0.065498 0.093000
v 0.256867 -0.063762 0.710544
v 0.138820 0.038369 0.080668
v 0.110876 0.097707 0.691374
v 0.232731 0.037751 0.096927
v 0.256867 0.096745 0.716650
v -0.232009 -0.084015 2.239783
v -0.278283 -0.147706 2.191127
v -0.306883 -0.059687 2.191127
v -0.232009 -0.005287 2.191127
v -0.157135 -0.059687 2.191127
v -0.185735 -0.147706 2.191127
v -0.306883 -0.108342 2.112399
v -0.278283 -0.020323 2.112399
v -0.185735 -0.020323 2.112399
v -0.157135 -0.108342 2.112399
v -0.232009 -0.162742 2.112399
v -0.232009 -0.084015 2.063742
v -0.361028 -0.050894 1.752603
v -0.393869 -0.096097 1.715949
v -0.414167 -0.033629 1.715949
v -0.361028 0.004979 1.715949
v -0.307890 -0.033629 1.715949
v -0.328187 -0.096097 1.715949
v -0.414167 -0.068160 1.656642
v -0.393869 -0.005692 1.656642
v -0.328187 -0.005692 1.656642
v -0.307890 -0.068160 1.656642
v -0.361028 -0.106768 1.656642
v -0.361028 -0.050894 1.619988
v -0.204639 0.029272 0.835925
v -0.258576 -0.044966 0.779212
v -0.291911 0.057628 0.779212
v -0.204639 0.121036 0.779212
v -0.117367 0.057628 0.779212
v -0.150702 -0.044966 0.779212
v -0.291911 0.000916 0.687447
v -0.258576 0.103510 0.687447
v -0.150702 0.103510 0.687447
v -0.117367 0.000916 0.687447
v -0.204639 -0.062492 0.687447
v -0.204639 0.029272 0.630734
v 0.245840 -0.084015 2.239783
v 0.292114 -0.147706 2.191127
v 0.320713 -0.059687 2.191127
v 0.245840 -0.005287 2.191127
v 0.170966 -0.059687 2.191127
v 0.199566 -0.147706 2.191127
v 0.320713 -0.108342 2.112399
v 0.292114 -0.020323 2.112399
v 0.199566 -0.020323 2.112399
v 0.170966 -0.108342 2.112399
v 0.245840 -0.162742 2.112399
v 0.245840 -0.084015 2.063742
v 0.374859 -0.050894 1.752603
v 0.407700 -0.096097 1.715949
v 0.427997 -0.033629 1.715949
v 0.374859 0.004979 1.715949
v 0.321720 -0.033629 1.715949
v 0.342018 -0.096097 1.715949
v 0.427997 -0.068160 1.656642
v 0.407700 -0.005692 1.656642
v 0.342018 -0.005692 1.656642
v 0.321720 -0.068160 1.656642
v 0.374859 -0.106768 1.656642
v 0.374859 -0.050894 1.619988
v 0.186480 0.029272 0.835925
v 0.240416 -0.044966 0.779212
v 0.273752 0.057628 0.779212
v 0.186480 0.121036 0.779212
v 0.099207 0.057628 0.779212
v 0.132543 -0.044966 0.779212
v 0.273752 0.000916 0.687447
v 0.240416 0.103510 0.687447
v 0.132543 0.103510 0.687447
v 0.099207 0.000916 0.687447
v 0.186480 -0.062492 0.687447
v 0.186480 0.029272 0.630734

f 2 3 1
f 4 7 3
f 7 6 5
f 5 2 1
f 7 1 3
f 4 6 8
f 10 18 17
f 18 16 19
f 16 20 19
f 14 17 20
f 15 9 11
f 12 14 16
f 20 9 13
f 19 13 15
f 11 19 15
f 17 11 9
f 22 23 21
f 23 28 27
f 28 25 27
f 26 21 25
f 27 21 23
f 24 26 28
f 30 38 37
f 38 36 39
f 36 40 39
f 34 37 40
f 31 33 29
f 32 34 36
f 40 29 33
f 39 33 35
f 31 39 35
f 37 31 29
f 41 44 43
f 43 48 47
f 48 45 47
f 46 41 45
f 43 45 41
f 44 46 48
f 49 52 51
f 51 56 55
f 56 53 55
f 54 49 53
f 51 53 49
f 52 54 56
f 65 60 66
f 60 67 66
f 64 68 67
f 68 58 65
f 63 57 59
f 60 62 64
f 61 65 57
f 63 68 61
f 66 63 59
f 65 59 57
f 70 71 69
f 72 75 71
f 75 74 73
f 73 70 69
f 75 69 71
f 72 74 76
f 78 79 77
f 79 84 83
f 83 82 81
f 82 77 81
f 83 77 79
f 80 82 84
f 88 91 87
f 89 86 85
f 94 85 93
f 88 90 92
f 88 87 93
f 87 94 93
f 90 89 94
f 96 97 95
f 97 102 101
f 101 100 99
f 100 95 99
f 101 95 97
f 98 100 102
f 104 105 103
f 106 109 105
f 109 108 107
f 107 104 103
f 109 103 105
f 110 104 108
f 112 113 111
f 114 117 113
f 117 116 115
f 115 112 111
f 117 111 113
f 114 116 118
f 119 122 121
f 121 126 125
f 126 123 125
f 124 119 123
f 121 123 119
f 122 124 126
f 127 130 129
f 129 134 133
f 134 131 133
f 132 127 131
f 129 131 127
f 130 132 134
f 143 138 144
f 138 145 144
f 142 146 145
f 146 136 143
f 141 135 137
f 138 140 142
f 139 143 135
f 141 146 139
f 144 141 137
f 143 137 135
f 148 149 147
f 150 153 149
f 153 152 151
f 151 148 147
f 153 147 149
f 150 152 154
f 156 157 155
f 157 162 161
f 161 160 159
f 160 155 159
f 157 159 155
f 158 160 162
f 164 165 163
f 166 169 165
f 169 168 167
f 167 164 163
f 165 167 163
f 166 168 170
f 171 172 173
f 172 171 176
f 171 173 174
f 171 174 175
f 171 175 176
f 172 176 181
f 173 172 177
f 174 173 178
f 175 174 179
f 176 175 180
f 172 181 177
f 173 177 178
f 174 178 179
f 175 179 180
f 176 180 181
f 177 181 182
f 178 177 182
f 179 178 182
f 180 179 182
f 181 180 182
f 183 184 185
f 184 183 188
f 183 185 186
f 183 186 187
f 183 187 188
f 184 188 193
f 185 184 189
f 186 185 190
f 187 186 191
f 188 187 192
f 184 193 189
f 185 189 190
f 186 190 191
f 187 191 192
f 188 192 193
f 189 193 194
f 190 189 194
f 191 190 194
f 192 191 194
f 193 192 194
f 195 196 197
f 196 195 200
f 195 197 198
f 195 198 199
f 195 199 200
f 196 200 205
f 197 196 201
f 198 197 202
f 199 198 203
f 200 199 204
f 196 205 201
f 197 201 202
f 198 202 203
f 199 203 204
f 200 204 205
f 201 205 206
f 202 201 206
f 203 202 206
f 204 203 206
f 205 204 206
f 207 208 209
f 208 207 212
f 207 209 210
f 207 210 211
f 207 211 212
f 208 212 217
f 209 208 213
f 210 209 214
f 211 210 215
f 212 211 216
f 208 217 213
f 209 213 214
f 210 214 215
f 211 215 216
f 212 216 217
f 213 217 218
f 214 213 218
f 215 214 218
f 216 215 218
f 217 216 218
f 219 220 221
f 220 219 224
f 219 221 222
f 219 222 223
f 219 223 224
f 220 224 229
f 221 220 225
f 222 221 226
f 223 222 227
f 224 223 228
f 220 229 225
f 221 225 226
f 222 226 227
f 223 227 228
f 224 228 229
f 225 229 230
f 226 225 230
f 227 226 230
f 228 227 230
f 229 228 230
f 231 232 233
f 232 231 236
f 231 233 234
f 231 234 235
f 231 235 236
f 232 236 241
f 233 232 237
f 234 233 238
f 235 234 239
f 236 235 240
f 232 241 237
f 233 237 238
f 234 238 239
f 235 239 240
f 236 240 241
f 237 241 242
f 238 237 242
f 239 238 242
f 240 239 242
f 241 240 242
f 2 4 3
f 4 8 7
f 7 8 6
f 5 6 2
f 7 5 1
f 4 2 6
f 10 12 18
f 18 12 16
f 16 14 20
f 14 10 17
f 15 13 9
f 12 10 14
f 20 17 9
f 19 20 13
f 11 18 19
f 17 18 11
f 22 24 23
f 23 24 28
f 28 26 25
f 26 22 21
f 27 25 21
f 24 22 26
f 30 32 38
f 38 32 36
f 36 34 40
f 34 30 37
f 31 35 33
f 32 30 34
f 40 37 29
f 39 40 33
f 31 38 39
f 37 38 31
f 41 42 44
f 43 44 48
f 48 46 45
f 46 42 41
f 43 47 45
f 44 42 46
f 49 50 52
f 51 52 56
f 56 54 53
f 54 50 49
f 51 55 53
f 52 50 54
f 65 58 60
f 60 64 67
f 64 62 68
f 68 62 58
f 63 61 57
f 60 58 62
f 61 68 65
f 63 67 68
f 66 67 63
f 65 66 59
f 70 72 71
f 72 76 75
f 75 76 74
f 73 74 70
f 75 73 69
f 72 70 74
f 78 80 79
f 79 80 84
f 83 84 82
f 82 78 77
f 83 81 77
f 80 78 82
f 88 92 91
f 89 90 86
f 94 89 85
f 88 86 90
f 93 85 86
f 86 88 93
f 87 91 94
f 94 91 92
f 92 90 94
f 96 98 97
f 97 98 102
f 101 102 100
f 100 96 95
f 101 99 95
f 98 96 100
f 104 106 105
f 106 110 109
f 109 110 108
f 107 108 104
f 109 107 103
f 110 106 104
f 112 114 113
f 114 118 117
f 117 118 116
f 115 116 112
f 117 115 111
f 114 112 116
f 119 120 122
f 121 122 126
f 126 124 123
f 124 120 119
f 121 125 123
f 122 120 124
f 127 128 130
f 129 130 134
f 134 132 131
f 132 128 127
f 129 133 131
f 130 128 132
f 143 136 138
f 138 142 145
f 142 140 146
f 146 140 136
f 141 139 135
f 138 136 140
f 139 146 143
f 141 145 146
f 144 145 141
f 143 144 137
f 148 150 149
f 150 154 153
f 153 154 152
f 151 152 148
f 153 151 147
f 150 148 152
f 156 158 157
f 157 158 162
f 161 162 160
f 160 156 155
f 157 161 159
f 158 156 160
f 164 166 165
f 166 170 169
f 169 170 168
f 167 168 164
f 165 169 167
f 166 164 168